1.9997721583360553
2.828104907974966
3.4637069817997213
3.9995443166721105
4.4716264855508925
4.898421389747544
5.290899809748084
5.656209815949932
5.999316475008166
6.323834821732811
6.632493915399885
6.9274139635994425
7.210281056125939
7.482462268102969
7.745084265444804
7.999088633344221
8.24527183598896
8.484314723924896
8.716804748293084
8.943252971101785
9.164107288240189
9.379762847515549
9.590570356391169
9.796842779495089
9.998860791680276
10.196877258095105
10.391120945399164
10.581799619496168
10.769102649358734
10.953203209914502
11.134260156963164
11.312419631899864
11.487816442364036
11.660575255908498
11.83081163673742
11.998632950016331
12.164139153860155
12.327423495594271
12.48857312606151
12.647669643465623
12.804789576384996
12.960004814071402
13.113382990899408
13.26498783079977
13.414879456652677
13.56311466890176
13.709747197050502
13.854827927198885
13.998405108352387
14.14052453987483
14.2812297421496
14.420562112251877
14.558561066210162
14.695264169242636
14.830707255187882
14.964924536205938
15.09794870370126
15.229811021311152
15.360541410709018
15.490168530889608
15.618719851531326
15.746221720967693
15.872699429244253
15.998177266688442
16.122678578376576
16.246225814843857
16.36884057934938
16.49054367197792
16.61135513083346
16.731294270555495
16.85037971836775
16.968629447849793
17.086060810604977
17.202690565982618
17.318534908998608
17.43360949658617
17.547929472297167
17.66150948956435
17.774363733625673
17.88650594220357
17.997949425024498
18.1087070822573
18.21879142194267
18.328214576480377
18.436988318235812
18.545124074322604
18.652632940613934
18.759525695031098
18.865812810154456
18.971504465198432
19.076610557389383
19.181140712782337
19.285104296550024
19.388510422775347
19.491367963776277
19.593685558990177
19.695471623442693
19.79673435582476
19.897481746199652
19.99772158336055
20.097461461857826
20.19670878871398
20.29547078984305
20.39375451619021
20.49156684960632
20.58891450847132
20.68580405307942
20.78224189079833
20.878234281014016
20.97378733987176
21.068907044823682
21.163599238992337
21.257869635359352
21.351723820787612
21.445167259885036
21.538205298717468
21.63084316837782
21.723085988418248
21.814938770151734
21.906406419829004
21.99749374169661
22.088205440941497
22.178546126527173
22.268520313926327
22.358132427754462
22.44738680430891
22.536287694017346
22.62483926379973
22.7130455993473
22.800910707322323
22.888438517481745
22.97563288472807
23.062497591090477
23.149036347638965
23.23525279633441
23.321150511816995
23.40673300313562
23.492003715420577
23.576966031501808
23.66162327347484
23.745978704216473
23.830035528852203
23.913796896177203
23.997265900032662
24.08044558063921
24.163338925889
24.24594887259805
24.32827830772031
24.410330069524882
24.492106948737725
24.57361168964918
24.654846991188542
24.73581550796688
24.8165198512892
24.896962590137115
24.97714625212302
25.05707332441678
25.13674625464591
25.216167451770126
25.295339286931245
25.374264094279134
25.452944171774693
25.531381781970502
25.609579152769992
25.687538478165777
25.765261918957926
25.842751603452747
25.920009628142804
25.99703805836872
26.073838928963408
26.15041424487925
26.226765981798817
26.302896086729607
26.378806478583368
26.45449904874042
26.52997566159954
26.60523815511374
26.680288341312504
26.755128006810807
26.829758913305355
26.904182798058446
26.978401374369835
27.052416332036888
27.12622933780352
27.19984203579808
27.27325604796069
27.34647297446017
27.419494394101005
27.492321864720566
27.564956923576872
27.6374010877272
27.70965585439777
27.781722701344794
27.853603087207098
27.925298451850587
27.996810216704773
28.068139785091578
28.139288542546645
28.210257857133335
28.28104907974966
28.351663544428305
28.422102568629946
28.492367453530026
28.5624594842992
28.63237993037759
28.702130045743036
28.77171106917351
28.841124224503755
28.910370720876504
28.979451752988176
29.04836850132939
29.117122132420324
29.18571379904109
29.25414464045725
29.322415782640583
29.39052833848527
29.458483408019525
29.52628207861291
29.5939254251793
29.661414510375764
29.728750384797305
29.795934087167698
29.862966644526427
29.929849072411876
29.99658237504083
30.063167545484394
30.12960556584042
30.19589740740252
30.262044030825717
30.328046386288886
30.393905413654007
30.459622042622303
30.52519719288736
30.59063177428532
30.655926686942127
30.721082821418037
30.78610105884931
30.85098227108723
30.915727320834534
30.980337061779217
31.044812338725883
31.10915398772462
31.17336283619749
31.237439703062652
31.301385398856247
31.365200725852006
31.428886478178686
31.492443441935386
31.55587239530473
31.61917410866405
31.68234934469455
31.745398858488507
31.808323397654572
31.871123702421215
31.933800505738294
31.996354533376884
32.05878650402731
32.121097129395494
32.18328711429763
32.24535715675315
32.3073079480762
32.36914017296542
32.43085450959225
32.492451629687714
32.55393219862774
32.61529687551698
32.676546313271295
32.73768115869876
32.7987020525794
32.8596096297435
32.92040451914873
32.98108734395584
33.04165872160325
33.10211926388032
33.16246957699943
33.22271026166692
33.28284191315286
33.34286512135963
33.402780470889496
33.46258854111099
33.522289906224316
33.58188513532563
33.641374792470366
33.7007594367355
33.76003962228085
33.819215898409425
33.8782888096268
33.937258895699586
33.99612669171294
34.054892728127236
34.11355753083382
34.17212162120995
34.23058551617283
34.288949728232815
34.34721476554588
34.405381131965235
34.46344932709211
34.52141984632586
34.579293180913304
34.637069817997215
34.69475024066421
34.752334927991896
34.809824355095245
34.86721899317234
34.92451930954947
34.98172576772549
35.03883882741558
35.09585894459433
35.15278657153822
35.20962215686749
35.266366145587355
35.3230189791287
35.37958109538808
35.4360529287673
35.49243491021227
35.54872746725135
35.60493102403326
35.66104600136432
35.71707281674519
35.77301188440714
35.82886361534776
35.88462841736621
35.94030669509795
35.995898850048995
36.051405280629695
36.106826382188046
36.16216254704255
36.2174141645146
36.27258162096046
36.327665299802774
36.38266558156165
36.43758284388534
36.492417461580466
36.547169806641925
36.60184024828226
36.656429152960754
36.71093688441208
36.76536380367455
36.819710269118076
36.873976636471625
36.92816325885044
36.98227048678282
37.03629866823659
37.09024814864521
37.14411927093353
37.197912375543225
37.2516278004579
37.30526588122787
37.35882695099459
37.41231134051485
37.465719378184524
37.519051390062195
37.57230769989227
37.62548862912799
37.678594496954055
37.73162562030891
37.784582313906924
37.83746489026008
37.89027365969953
37.943008930396864
37.99567100838505
38.04826019757918
38.10077679979693
38.153221114778766
38.20559344020789
38.257894071729986
38.310123302972656
38.362281425564674
38.41436872915499
38.46638550143146
38.51833202813944
38.57020859310005
38.62201547822828
38.67375296355088
38.72542132722402
38.777020845550695
38.82855179299801
38.880014442214204
38.93140906404546
38.982735927552554
39.0339953000273
39.085187447008735
39.13631263229924
39.187371117980355
39.23836316442847
39.2892890303303
39.34014897269822
39.390943246885385
39.44167210660067
39.49233580392349
39.5429345893184
39.59346871164952
39.64393841819485
39.69434395466036
39.74468556519397
39.794963492399305
39.8451779773494
39.895329259600125
39.94541757720354
39.9954431667211
40.045406263236664
40.09530710036937
40.145145910286416
40.19492292371565
40.24463836995803
40.29429247689993
40.34388547102535
40.39341757742796
40.442889019823035
40.4923000205592
40.541650800630144
40.5909415796861
40.64017257604532
40.68934400670528
40.73845608735385
40.78750903238042
40.8365030548867
40.885438366697585
40.93431517837183
40.98313369921264
41.03189413727808
41.08059669939144
41.12924159115151
41.17782901694264
41.22635917994481
41.2748322821435
41.323248524339554
41.37160810615884
41.419911226061835
41.4681580813532
41.51634886819114
41.56448378159666
41.61256301546286
41.66058676256401
41.70855521456455
41.75646856202803
41.80432699442597
41.852130700146525
41.89987986650324
41.94757467974352
41.99521532505716
42.04280198658472
42.09033484742581
42.137814089647364
42.185239894291705
42.23261244138463
42.27993190994342
42.32719847798467
42.374412322532145
42.42157361962449
42.468682544322895
42.515739270718704
42.56274397194086
42.609696820163414
42.656597986612816
42.703447641575224
42.75024595440373
42.79699309352549
42.843689226448795
42.89033451977007
42.93692913918084
42.983473249474535
43.02996701455334
43.076410597434936
43.122804160259115
43.16914786429444
43.21544186994474
43.26168633675564
43.307881423420895
43.35402728778886
43.40012408686866
43.446171976836496
43.49217111304182
43.538121650013395
43.58402374146542
43.62987754030347
43.67568319863049
43.72144086775263
43.76715069818511
43.81281283965801
43.85842744112193
43.903994650753745
43.94951461596214
43.99498748339322
44.040413398935996
44.0857925077279
44.131124954160114
44.176410881882994
44.221650433811334
44.266843752129674
44.31199097829749
44.35709225305435
44.40214771642505
44.44715750772468
44.492121765563645
44.537040627852654
44.581914231807666
44.62674271395471
44.671526210134864
44.716264855508925
44.76095878456223
44.80560813110937
44.85021302829888
44.89477360861782
44.939290003896396
44.98376234531254
45.028190763396374
45.07257538803469
45.1169163484754
45.161213773331895
45.20546779058744
45.24967852759946
45.29384611110378
45.33797066721896
45.382052321450416
45.4260911986946
45.47008742324316
45.51404111878697
45.557952408420284
45.60182141464465
45.645648259372976
45.68943306393346
45.73317594907346
45.77687703496349
45.820536441200936
45.864154286814006
45.9077306902654
45.95126576945614
45.994759641729274
46.03821242387354
46.08162423212706
46.12499518218095
46.16832538918292
46.21161496774083
46.25486403192624
46.29807269527793
46.341241070805346
46.38436927099205
46.427457407799196
46.47050559266882
46.51351393652731
46.55648254978867
46.599411542357835
46.64230102363399
46.68515110251379
46.727961887394585
46.770733486177626
46.81346600627124
46.85615955459398
46.898814237577746
46.94143016117086
46.98400743084115
47.02654615157903
47.06904642790046
47.111508363849964
47.153932063003616
47.196317628472
47.238665162903075
47.280974768485144
47.32324654694968
47.36548059957421
47.40767702718513
47.44983593016053
47.491957408432945
47.534041561492174
47.57608848838796
47.61809828773276
47.66007105770441
47.70200689604883
47.74390590008264
47.785768166695846
47.827593792354406
47.869382873102865
47.911135504566886
47.95285178195584
47.994531800065324
48.03617565327966
48.07778343557442
48.119355240518864
48.16089116127842
48.20239129061713
48.24385572090002
48.28528454409557
48.326677851778
48.36803573512972
48.40935828494365
48.45064559162549
48.4918977451961
48.53311483529375
48.574296951176414
48.61544418172401
48.65655661544062
48.69763434045677
48.738677444531575
48.77968601505494
48.820660139049764
48.86159990317405
48.902505393723075
48.94337669663149
48.98421389747545
49.025017081474665
49.065786333494536
49.106521738048144
49.14722337929836
49.18789134105982
49.22852570680096
49.26912655964605
49.309693982377084
49.35022805743588
49.3907288669259
49.43119649261429
49.47163101593376
49.51203251798451
49.55240107953611
49.592736781029416
49.6330397025784
49.67330992397205
49.713547524676166
49.75375258383524
49.79392518027423
49.83406539250038
49.87417329870501
49.9142489767653
49.95429250424604
49.99430395840138
50.03428341617659
50.074230954209774
50.11414664883356
50.15403057607686
50.193882811666484
50.2337034310289
50.27349250929182
50.31325012128591
50.35297634154641
50.39267124431477
50.43233490354025
50.471967392881574
50.511568785708455
50.55113915510325
50.59067857386249
50.630187114498455
50.669664849240725
50.70911185003773
50.74852818855827
50.78791393619302
50.82726916405607
50.8665939429864
50.905888343549385
50.94515243603824
50.98438629047553
51.023589976614595
51.062763563941004
51.10190712167402
51.141020718767955
51.18010442391368
51.219158305539985
51.25818243181494
51.29717687064735
51.336141689688105
51.375076956331554
51.41398273771684
51.4528591007293
51.491706112001744
51.53052383791585
51.56931234460345
51.60807169794785
51.64680196358514
51.685503206905494
51.724175493054446
51.762818886934184
51.80143345320481
51.84001925628561
51.878576360356284
51.91710482935826
51.95560472699582
51.99407611673744
52.032519061816934
52.0709336252347
52.10931986975894
52.147677857926816
52.186007652045646
52.22430931419412
52.262582906223436
52.3008284897585
52.33904612619904
52.37723587672078
52.4153978022766
52.453531963597634
52.49163842119443
52.529717235358035
52.567768466161155
52.605792173459214
52.643788416891496
52.68175725588219
52.7196987496415
52.757612957166735
52.795499937243356
52.83335974844605
52.871192449139784
52.90899809748084
52.94677675141791
52.98452846869304
53.02225330684277
53.05995132319908
53.09762257489041
53.13526711884272
53.17288501178043
53.21047631022748
53.24804107050827
53.28557934874868
53.323091200877016
53.36057668262501
53.398035849528775
53.43546875692976
53.47287545997571
53.510256013621614
53.54761047263066
53.58493889157512
53.62224132483737
53.65951782661071
53.69676845090036
53.73399325152435
53.771192282114406
53.80836559611689
53.845513246793665
53.882635287222996
53.91973177030042
53.95680274873967
53.99384827507349
54.03086840165456
54.067863180656296
54.104832664073776
54.14177690372455
54.17869595124948
54.215589858113624
54.25245867560704
54.289302454845604
54.3261212467719
54.36291510215597
54.39968407159616
54.43642820551996
54.47314755418476
54.50984216767869
54.54651209592138
54.58315738866481
54.61977809549403
54.656374265828006
54.69294594892034
54.72949319386009
54.766016049572514
54.80251456481983
54.83898878820201
54.875438768157494
54.91186455296395
54.94826619073903
54.98464372944113
55.020997216870086
55.057326700667936
55.09363222831961
55.129913847153745
55.166171604343276
55.20240554690625
55.238615721706516
55.2748021754544
55.31096495470744
55.34710410587107
55.38321967519933
55.41931170879554
55.45538025261299
55.49142535245562
55.527447053978726
55.56344540268959
55.59942044394818
55.63537222296782
55.67130078481582
55.707206174414196
55.74308843654024
55.77894761582727
55.81478375676519
55.850596903701174
55.88638710084032
55.922154392246256
55.95789882184179
55.993620433409546
56.029319270592566
56.06499537689495
56.10064879568245
56.136279570183156
56.171887743488014
56.20747335855149
56.24303645819215
56.27857708509329
56.3140952818035
56.34959109073729
56.385064554175656
56.42051571426667
56.45594461302608
56.491351292337875
56.526735793954884
56.56209815949932
56.59743843046337
56.63275664820977
56.66805285397235
56.70332708885661
56.738579393840276
56.77380980977384
56.80901837738114
56.84420513725989
56.87937012988225
56.91451339559529
56.949634974621674
56.98473490706005
57.019813232885674
57.05486999195091
57.08990522398576
57.1249189685984
57.159911265275674
57.19488215338366
57.22983167216815
57.26475986075518
57.2996667581515
57.33455240324519
57.369416834806024
57.40426009148607
57.43908221182018
57.47388323422642
57.50866319700667
57.54342213834702
57.5781600963183
57.612877108876596
57.64757321386368
57.68224844900751
57.716902851922725
57.7515364601111
57.78614931096203
57.82074144175301
57.85531288965007
57.889863691708285
57.92439388487221
57.95890350597635
57.993392591745604
58.02786117879574
58.062309303633846
58.09673700265878
58.1311443121616
58.165531268326035
58.19989790722892
58.23424426484065
58.26857037702557
58.30287627954249
58.33716200804505
58.37142759808218
58.40567308509856
58.439898504434986
58.47410389132884
58.5082892809145
58.542454708223765
58.57660020818626
58.61072581562988
58.644831565281166
58.678917491765766
58.71298362960879
58.74703001323528
58.78105667697054
58.8150636550406
58.84905098157263
58.88301869059526
58.91696681603905
58.95089539173687
58.98480445142425
59.01869402873987
59.05256415722582
59.086414870328085
59.12024620139689
59.154058183687106
59.1878508503586
59.22162423447664
59.25537836901227
59.289113286842664
59.32282902075153
59.356525603429446
59.390203067474275
59.423861445391516
59.45750076959461
59.49112107240542
59.52472238605448
59.55830474268145
59.591868174335396
59.62541271297519
59.65893839046988
59.692445238598964
59.725933289052854
59.75940257343314
59.79285312325299
59.82628496993742
59.85969814482375
59.89309267916186
59.92646860411456
59.95982595075793
59.99316475008166
60.02648503298936
60.05978683029896
60.093070172742955
60.12633509096879
60.15958161553919
60.192809776932464
60.22601960554286
60.25921113168084
60.29238438557348
60.3255393973647
60.35867619711566
60.39179481480504
60.42489528032936
60.4579776235033
60.49104187406001
60.52408806165143
60.557116215848595
60.59012636614194
60.623118541941615
60.65609277257777
60.689049087300894
60.72198751528208
60.75490808561338
60.787810827308014
60.82069576930078
60.853562940448256
60.88641236952916
60.91924408524461
60.9520581162184
60.98485449099737
61.01763323805159
61.05039438577472
61.083137962484294
61.115863996421965
61.14857251575381
61.18126354857064
61.21393712288823
61.24659326664766
61.27923200771552
61.311853373884254
61.34445739287241
61.377044092324894
61.40961349981329
61.44216564283607
61.474700548818966
61.50721824511509
61.539718759005346
61.57220211769862
61.60466834833206
61.63711747797136
61.66954953361098
61.70196454217446
61.734362530514645
61.76674352541396
61.79910755358465
61.83145464166907
61.8637848162399
61.89609810380046
61.928394530784885
61.960674123558434
61.99293690841771
62.02518291159096
62.05741215923825
62.089624677451766
62.12182049225604
62.15399962960823
62.186162115398275
62.21830797544924
62.25043723551753
62.28254992129307
62.314646058399624
62.34672567239498
62.37878878877123
62.41083543295497
62.442865630307544
62.474879406125304
62.506876785639804
62.53885779401805
62.57082245636274
62.602770797712495
62.63470284304205
62.66661861726254
62.698518145221676
62.73040145170401
62.762268561431114
62.79411949906186
62.82595428919259
62.85777295635737
62.889575525028214
62.92136201961529
62.95313246446709
62.98488688387077
63.016625302052255
63.04834774317649
63.08005423134769
63.11174479060946
63.143419444945145
63.17507821827792
63.206721134471046
63.2383482173281
63.26995949059317
63.30155497795103
63.3331347030274
63.3646986893891
63.39624696054432
63.427779539942755
63.459296450975856
63.49079771697701
63.522283361221746
63.553753406927946
63.585207877256025
63.616646795309144
63.64807018413342
63.67947806671809
63.71087046599572
63.74224740484243
63.77360890607805
63.80495499246632
63.83628568671512
63.86760101147659
63.898900989347396
63.93018564286888
63.961454994527244
63.99270906675377
64.02394788192498
64.05517146236282
64.08637983033492
64.11757300805462
64.14875101768132
64.17991388132059
64.21106162102431
64.24219425879099
64.27331181656578
64.30441431624077
64.33550177965512
64.36657422859525
64.39763168479504
64.42867416993597
64.45970170564732
64.4907143135063
64.52171201503833
64.55269483171712
64.58366278496486
64.6146158961524
64.64555418659945
64.67647767757472
64.70738639029612
64.73828034593085
64.76915956559564
64.800024070357
64.83087388123117
64.8617090191845
64.89252950513345
64.92333535994489
64.9541266044362
64.98490325937543
65.01566534548147
65.04641288342421
65.07714589382475
65.10786439725548
65.1385684142403
65.16925796525476
65.19993307072619
65.23059375103396
65.26124002650953
65.2918719174366
65.32248944405136
65.35309262654259
65.38368148505185
65.41425603967355
65.44481631045521
65.47536231739753
65.50589408045458
65.53641161953402
65.56691495449704
65.5974041051588
65.62787909128832
65.65833993260884
65.68878664879777
65.719219259487
65.749637784263
65.78004224266688
65.8104326541947
65.84080903829746
65.87117141438134
65.9015198018078
65.93185421989374
65.96217468791168
65.99248122508982
66.02277385061225
66.05305258361906
66.0833174432065
66.11356844842712
66.14380561828986
66.17402897176028
66.20423852776064
66.23443430517001
66.2646163228245
66.29478459951729
66.32493915399886
66.35508000497704
66.38520717111727
66.4153206710426
66.44542052333384
66.4755067465298
66.50557935912735
66.53563837958151
66.56568382630572
66.59571571767177
66.62573407201012
66.65573890760994
66.68573024271926
66.71570809554507
66.74567248425349
66.77562342696989
66.80556094177899
66.83548504672501
66.8653957598118
66.89529309900297
66.92517708222198
66.95504772735231
66.98490505223756
67.0147490746816
67.04457981244863
67.07439728326338
67.1042015048112
67.13399249473818
67.16377027065126
67.19353485011838
67.2232862506686
67.25302448979218
67.28274958494073
67.31246155352737
67.34216041292672
67.3718461804752
67.401518873471
67.43117850917425
67.46082510480714
67.49045867755409
67.5200792445617
67.54968682293905
67.57928142975777
67.60886308205204
67.63843179681885
67.66798759101805
67.69753048157243
67.72706048536791
67.7565776192536
67.78608190004196
67.81557334450879
67.84505196939351
67.87451779139917
67.90397082719258
67.93341109340437
67.96283860662923
67.99225338342588
68.02165544031728
68.05104479379064
68.08042146029764
68.10978545625447
68.1391367980419
68.16847550200549
68.19780158445565
68.22711506166765
68.2564159498819
68.28570426530393
68.31498002410456
68.3442432424199
68.37349393635165
68.40273212196698
68.43195781529876
68.46117103234566
68.49037178907223
68.51956010140898
68.54873598525252
68.57789945646563
68.6070505308774
68.63618922428329
68.66531555244524
68.69442953109176
68.72353117591811
68.75262050258625
68.7816975267251
68.81076226393047
68.83981472976532
68.86885493975973
68.89788290941112
68.92689865418421
68.9559021895112
68.9848935307919
69.01387269339367
69.04283969265173
69.07179454386907
69.10073726231666
69.12966786323346
69.15858636182661
69.18749277327142
69.21638711271156
69.24526939525903
69.27413963599443
69.30299784996686
69.33184405219411
69.36067825766283
69.38950048132843
69.41831073811531
69.44710904291689
69.4758954105958
69.50466985598379
69.533432393882
69.56218303906093
69.59092180626054
69.61964871019049
69.64836376552992
69.6770669869279
69.70575838900322
69.73443798634467
69.763105793511
69.79176182503106
69.82040609540392
69.84903861909893
69.87765941055575
69.9062684841845
69.93486585436581
69.96345153545099
69.99202554176193
70.0205878875914
70.04913858720296
70.07767765483116
70.10620510468156
70.13472095093083
70.16322520772681
70.19171788918867
70.22019900940685
70.24866858244333
70.27712662233151
70.30557314307644
70.33400815865485
70.36243168301522
70.39084373007785
70.41924431373498
70.44763344785083
70.47601114626173
70.50437742277613
70.53273229117471
70.5610757652105
70.58940785860888
70.61772858506771
70.6460379582574
70.67433599182097
70.70262269937415
70.73089809450543
70.75916219077617
70.78741500172065
70.8156565408461
70.84388682163294
70.8721058575346
70.90031366197789
70.92851024836278
70.95669563006271
70.98486982042454
71.0130328327686
71.04118468038894
71.06932537655317
71.0974549345027
71.12557336745269
71.1536806885923
71.18177691108454
71.20986204806653
71.23793611264942
71.26599911791861
71.29405107693371
71.32209200272864
71.35012190831172
71.37814080666575
71.40614871074798
71.43414563349037
71.46213158779948
71.49010658655662
71.51807064261787
71.54602376881428
71.57396597795174
71.60189728281124
71.62981769614876
71.65772723069551
71.6856258991579
71.71351371421758
71.74139068853161
71.76925683473242
71.79711216542795
71.82495669320168
71.85279043061274
71.8806133901959
71.9084255844617
71.9362270258965
71.96401772696254
71.99179770009799
72.01956695771706
72.04732551221001
72.07507337594323
72.10281056125939
72.13053708047732
72.15825294589227
72.18595816977583
72.21365276437609
72.24133674191762
72.26901011460164
72.29667289460595
72.3243250940851
72.35196672517039
72.37959779996999
72.40721833056891
72.4348283290292
72.46242780738986
72.490016777667
72.51759525185386
72.54516324192092
72.57272075981588
72.60026781746377
72.62780442676706
72.65533059960555
72.68284634783667
72.71035168329536
72.73784661779415
72.7653311631233
72.79280533105081
72.82026913332245
72.8477225816619
72.87516568777068
72.90259846332835
72.93002091999247
72.95743306939873
72.98483492316093
73.0122264928711
73.0396077900995
73.06697882639476
73.09433961328385
73.12169016227219
73.14903048484366
73.17636059246075
73.20368049656452
73.23099020857465
73.25828973988959
73.28557910188654
73.31285830592151
73.34012736332942
73.3673862854241
73.39463508349839
73.42187376882416
73.44910235265237
73.47632084621318
73.50352926071588
73.5307276073491
73.55791589728075
73.58509414165809
73.61226235160784
73.63942053823615
73.66656871262875
73.6937068858509
73.72083506894754
73.74795327294325
73.77506150884238
73.80215978762907
73.82924812026728
73.85632651770088
73.88339499085367
73.91045355062947
73.93750220791215
73.96454097356563
73.99156985843405
74.01858887334168
74.04559802909311
74.07259733647318
74.0995868062471
74.12656644916048
74.1535362759394
74.18049629729042
74.20744652390064
74.2343869664378
74.26131763555026
74.28823854186706
74.31514969599803
74.34205110853381
74.36894279004584
74.39582475108645
74.42269700218894
74.4495595538676
74.47641241661775
74.5032556009158
74.53008911721926
74.55691297596691
74.58372718757865
74.61053176245574
74.63732671098069
74.66411204351745
74.69088777041134
74.71765390198918
74.74441044855925
74.77115742041146
74.79789482781722
74.8246226810297
74.85134099028366
74.87804976579568
74.90474901776409
74.93143875636905
74.95811899177262
74.98478973411875
75.01145099353334
75.03810278012439
75.06474510398185
75.09137797517783
75.11800140376658
75.14461539978454
75.17121997325034
75.19781513416495
75.22440089251161
75.25097725825599
75.27754424134606
75.30410185171239
75.33065009926787
75.35718899390811
75.38371854551114
75.41023876393773
75.43674965903126
75.46325124061782
75.48974351850629
75.51622650248832
75.5427002023384
75.56916462781385
75.595619788655
75.6220656945851
75.64850235531038
75.67492978052016
75.7013479798868
75.72775696306584
75.75415673969597
75.78054731939906
75.80692871178027
75.83330092642805
75.85966397291415
75.88601786079373
75.91236259960534
75.93869819887102
75.96502466809625
75.9913420167701
76.01765025436517
76.0439493903377
76.07023943412757
76.09652039515836
76.1227922828374
76.14905510655576
76.17530887568833
76.20155359959386
76.22778928761501
76.25401594907831
76.28023359329431
76.30644222955753
76.33264186714658
76.35883251532408
76.38501418333684
76.41118688041578
76.43735061577605
76.46350539861704
76.48965123812236
76.51578814345997
76.54191612378219
76.56803518822565
76.59414534591151
76.62024660594531
76.64633897741712
76.67242246940151
76.69849709095767
76.72456285112935
76.75061975894496
76.77666782341761
76.80270705354509
76.82873745830997
76.85475904667959
76.88077182760611
76.90677581002659
76.93277100286292
76.95875741502199
76.9847350553956
77.01070393286062
77.03666405627888
77.06261543449733
77.08855807634802
77.11449199064816
77.1404171862001
77.16633367179143
77.19224145619498
77.21814054816888
77.24403095645656
77.26991268978679
77.29578575687378
77.32165016641709
77.34750592710176
77.37335304759836
77.39919153656292
77.4250214026371
77.45084265444804
77.47665530060861
77.50245934971727
77.52825481035823
77.55404169110139
77.57982000050238
77.60558974710266
77.63135093942948
77.65710358599603
77.68284769530125
77.70858327583015
77.73431033605355
77.76002888442841
77.78573892939755
77.81144047938999
77.83713354282072
77.86281812809092
77.88849424358787
77.91416189768505
77.93982109874216
77.96547185510511
77.99111417510616
78.01674806706379
78.04237353928285
78.0679906000546
78.09359925765662
78.11919952035302
78.1447913963943
78.17037489401747
78.19595002144608
78.22151678689022
78.24707519854658
78.27262526459847
78.29816699321586
78.32370039255534
78.34922547076026
78.37474223596071
78.40025069627355
78.4257508598024
78.45124273463776
78.47672632885694
78.5022016505242
78.52766870769067
78.55312750839445
78.5785780606606
78.60402037250124
78.62945445191545
78.65488030688942
78.68029794539645
78.70570737539695
78.73110860483847
78.75650164165576
78.78188649377077
78.80726316909272
78.83263167551807
78.85799202093057
78.88334421320134
78.90868826018884
78.93402416973886
78.95935194968469
78.98467160784698
79.00998315203394
79.03528659004117
79.06058192965189
79.0858691786368
79.11114834475423
79.1364194357501
79.16168245935796
79.18693742329904
79.21218433528225
79.23742320300421
79.26265403414932
79.2878768363897
79.31309161738533
79.33829838478397
79.36349714622126
79.38868790932072
79.41387068169378
79.43904547093979
79.46421228464607
79.48937113038794
79.51452201572872
79.5396649482198
79.56479993540057
79.58992698479861
79.61504610392957
79.64015730029723
79.6652605813936
79.6903559546988
79.7154434276813
79.74052300779768
79.76559470249293
79.79065851920025
79.81571446534122
79.84076254832576
79.86580277555214
79.89083515440709
79.91585969226574
79.94087639649167
79.96588527443699
79.9908863334422
80.0158795808365
80.04086502393751
80.0658426700515
80.09081252647333
80.11577460048646
80.14072889936308
80.16567543036398
80.19061420073874
80.21554521772558
80.24046848855153
80.26538402043242
80.29029182057283
80.3151918961662
80.3400842543948
80.36496890242982
80.3898458474313
80.41471509654825
80.43957665691858
80.46443053566922
80.48927673991606
80.51411527676404
80.53894615330712
80.56376937662836
80.58858495379987
80.61339289188287
80.6381931979278
80.66298587897417
80.6877709420507
80.71254839417534
80.73731824235527
80.7620804935869
80.78683515485592
80.81158223313736
80.83632173539552
80.86105366858408
80.88577803964607
80.91049485551393
80.9352041231095
80.95990584934408
80.9846000411184
81.00928670532268
81.03396584883666
81.05863747852959
81.08330160126029
81.1079582238771
81.13260735321803
81.15724899611067
81.1818831593722
81.20650984980956
81.2311290742193
81.25574083938766
81.28034515209065
81.30494201909404
81.3295314471533
81.35411344301377
81.37868801341055
81.40325516506859
81.4278149047027
81.45236723901755
81.4769121747077
81.50144971845772
81.52597987694197
81.55050265682489
81.57501806476084
81.59952610739424
81.62402679135948
81.64852012328103
81.6730061097734
81.6974847574412
81.72195607287918
81.74642006267216
81.77087673339517
81.79532609161335
81.81976814388207
81.8442028967469
81.86863035674367
81.89305053039841
81.91746342422745
81.94186904473743
81.96626739842527
81.99065849177826
82.015042331274
82.03941892338051
82.06378827455616
82.08815039124975
82.11250527990052
82.13685294693818
82.16119339878288
82.18552664184529
82.20985268252653
82.23417152721836
82.25848318230302
82.28278765415331
82.30708494913266
82.3313750735951
82.35565803388528
82.3799338363385
82.40420248728074
82.42846399302866
82.45271835988962
82.4769655941617
82.50120570213376
82.52543869008541
82.549664564287
82.57388333099973
82.59809499647562
82.62229956695751
82.64649704867911
82.67068744786498
82.69487077073062
82.7190470234824
82.74321621231768
82.76737834342468
82.79153342298271
82.81568145716194
82.83982245212367
82.86395641402014
82.88808334899466
82.9122032631816
82.9363161627064
82.96042205368566
82.98452094222698
83.0086128344292
83.03269773638227
83.0567756541673
83.0808465938566
83.10491056151368
83.12896756319331
83.15301760494144
83.17706069279534
83.20109683278348
83.22512603092572
83.24914829323316
83.27316362570826
83.29717203434483
83.32117352512802
83.34516810403439
83.36915577703186
83.39313655007984
83.4171104291291
83.44107742012189
83.46503752899193
83.48899076166441
83.51293712405607
83.5368766220751
83.56080926162129
83.58473504858594
83.60865398885194
83.63256608829376
83.65647135277749
83.6803697881608
83.70426140029305
83.72814619501524
83.75202417816003
83.77589535555175
83.79975973300648
83.82361731633198
83.84746811132777
83.87131212378512
83.89514935948704
83.91897982420839
83.94280352371578
83.96662046376767
83.99043065011432
84.01423408849789
84.03803078465235
84.0618207443036
84.08560397316944
84.10938047695954
84.13315026137556
84.15691333211109
84.18066969485162
84.20441935527474
84.22816231904994
84.25189859183874
84.27562817929473
84.29935108706349
84.32306732078267
84.34677688608204
84.37047978858341
84.39417603390068
84.41786562763994
84.44154857539934
84.46522488276926
84.48889455533218
84.51255759866278
84.53621401832798
84.55986381988684
84.58350700889072
84.60714359088315
84.6307735714
84.65439695596935
84.6780137501116
84.70162395933944
84.72522758915788
84.74882464506429
84.77241513254835
84.79599905709212
84.81957642417005
84.84314723924898
84.86671150778812
84.89026923523916
84.9138204270462
84.93736508864579
84.96090322546695
84.9844348429312
85.0079599464525
85.03147854143741
85.05499063328492
85.07849622738664
85.10199532912667
85.12548794388172
85.14897407702108
85.17245373390664
85.19592691989284
85.21939364032683
85.24285390054835
85.26630770588984
85.28975506167635
85.31319597322563
85.33663044584816
85.36005848484709
85.38348009551831
85.40689528315045
85.4303040530249
85.45370641041579
85.47710236059008
85.50049190880746
85.52387506032046
85.54725182037447
85.57062219420762
85.59398618705097
85.61734380412844
85.64069505065676
85.66403993184564
85.68737845289759
85.71071061900814
85.73403643536568
85.75735590715159
85.78066903954014
85.80397583769867
85.82727630678743
85.85057045195967
85.87385827836168
85.89713979113276
85.92041499540525
85.94368389630453
85.96694649894907
85.99020280845038
86.01345282991309
86.0366965684349
86.05993402910669
86.0831652170124
86.10639013722911
86.12960879482713
86.15282119486987
86.17602734241393
86.19922724250915
86.2224209001985
86.24560832051823
86.2687895084978
86.29196446915991
86.31513320752052
86.33829572858888
86.36145203736748
86.38460213885216
86.407746038032
86.43088373988948
86.45401524940034
86.47714057153372
86.50025971125207
86.52337267351128
86.54647946326051
86.56958008544241
86.59267454499303
86.61576284684179
86.6388449959116
86.66192099711876
86.68499085537304
86.70805457557772
86.73111216262951
86.75416362141864
86.77720895682883
86.80024817373732
86.8232812770149
86.84630827152586
86.86932916212808
86.89234395367299
86.9153526510056
86.93835525896452
86.96135178238193
86.98434222608364
87.00732659488908
87.03030489361133
87.05327712705711
87.07624330002679
87.09920341731443
87.12215748370774
87.14510550398816
87.16804748293085
87.1909834253046
87.21391333587202
87.23683721938946
87.25975508060694
87.28266692426834
87.30557275511123
87.32847257786705
87.35136639726097
87.37425421801201
87.39713604483299
87.42001188243057
87.44288173550525
87.4657456087514
87.48860350685722
87.51145543450484
87.53430139637022
87.55714139712326
87.57997544142779
87.60280353394148
87.62562567931602
87.64844188219699
87.67125214722394
87.69405647903041
87.71685488224387
87.73964736148582
87.76243392137175
87.78521456651114
87.80798930150749
87.83075813095837
87.85352105945536
87.87627809158408
87.89902923192427
87.92177448504968
87.9445138555282
87.96724734792176
87.98997496678643
88.01269671667241
88.03541260212401
88.05812262767968
88.08082679787199
88.10352511722776
88.12621759026787
88.14890422150745
88.1715850154558
88.19425997661642
88.21692910948704
88.2395924185596
88.26224990832023
88.2849015832494
88.30754744782173
88.3301875065062
88.35282176376599
88.37545022405858
88.39807289183577
88.42068977154368
88.44330086762267
88.46590618450749
88.4885057266272
88.51109949840524
88.53368750425935
88.55626974860168
88.57884623583872
88.60141697037139
88.62398195659497
88.64654119889917
88.66909470166809
88.69164246928027
88.7141845061087
88.73672081652077
88.7592514048784
88.7817762755379
88.8042954328501
88.82680888116029
88.84931662480828
88.87181866812836
88.89431501544937
88.9168056710946
88.93929063938197
88.96176992462388
88.98424353112729
89.00671146319374
89.02917372511935
89.05163032119478
89.07408125570531
89.09652653293084
89.11896615714585
89.14140013261942
89.16382846361533
89.18625115439191
89.20866820920224
89.23107963229396
89.25348542790942
89.27588560028569
89.29828015365445
89.32066909224207
89.34305242026973
89.36543014195323
89.3878022615031
89.41016878312463
89.43252971101785
89.45488504937752
89.47723480239318
89.49957897424913
89.52191756912445
89.544250591193
89.56657804462347
89.58889993357928
89.61121626221875
89.63352703469496
89.65583225515589
89.67813192774426
89.70042605659776
89.72271464584884
89.74499769962488
89.7672752220481
89.78954721723564
89.81181368929948
89.83407464234658
89.85633008047877
89.87858000779279
89.90082442838033
89.92306334632804
89.94529676571743
89.96752469062508
89.98974712512249
90.0119640732761
90.03417553914737
90.05638152679275
90.07858204026368
90.10077708360662
90.12296666086301
90.14515077606939
90.16732943325725
90.18950263645317
90.2116703896788
90.2338326969508
90.25598956228092
90.278140989676
90.30028698313797
90.32242754666379
90.34456268424563
90.36669239987067
90.38881669752126
90.41093558117488
90.43304905480414
90.45515712237676
90.47725978785566
90.49935705519891
90.52144892835972
90.5435354112865
90.56561650792285
90.58769222220756
90.6097625580746
90.63182751945321
90.65388711026776
90.67594133443792
90.69799019587857
90.7200336984998
90.74207184620701
90.76410464290083
90.78613209247715
90.80815419882713
90.83017096583723
90.8521823973892
90.87418849736008
90.89618926962224
90.91818471804332
90.94017484648631
90.96215965880954
90.98413915886665
91.00611335050667
91.02808223757394
91.05004582390818
91.0720041133445
91.09395710971334
91.11590481684057
91.13784723854742
91.15978437865056
91.18171624096202
91.2036428292893
91.22556414743528
91.24748019919829
91.26939098837211
91.29129651874595
91.31319679410448
91.33509181822784
91.35698159489162
91.37886612786691
91.40074542092027
91.42261947781377
91.44448830230496
91.46635189814693
91.48821026908823
91.510063418873
91.53191135124085
91.55375406992698
91.57559157866208
91.59742388117245
91.61925098117992
91.64107288240187
91.66288958855132
91.68470110333679
91.70650743046244
91.72830857362801
91.75010453652885
91.77189532285595
91.79368093629586
91.8154613805308
91.83723665923861
91.85900677609276
91.88077173476239
91.90253153891229
91.92428619220289
91.94603569829033
91.96778006082637
91.98951928345855
92.01125336982997
92.03298232357953
92.05470614834181
92.07642484774708
92.09813842542134
92.11984688498633
92.14155023005952
92.16324846425412
92.18494159117907
92.20662961443907
92.22831253763461
92.2499903643619
92.27166309821298
92.29333074277564
92.31499330163346
92.33665077836584
92.35830317654792
92.37995049975075
92.40159275154112
92.42322993548166
92.44486205513083
92.46648911404294
92.48811111576818
92.50972806385248
92.53133996183774
92.5529468132617
92.57454862165791
92.59614539055586
92.61773712348092
92.63932382395433
92.66090549549324
92.68248214161069
92.70405376581566
92.72562037161303
92.7471819625036
92.7687385419841
92.79029011354726
92.81183668068164
92.83337824687183
92.85491481559839
92.87644639033779
92.8979729745625
92.91949457174098
92.94101118533764
92.96252281881291
92.98402947562323
93.00553115922098
93.02702787305462
93.04851962056858
93.07000640520334
93.09148823039541
93.11296509957734
93.13443701617764
93.155903983621
93.1773660053281
93.19882308471567
93.2202752251965
93.24172243017952
93.26316470306965
93.28460204726798
93.30603446617164
93.32746196317387
93.34888454166403
93.37030220502758
93.3917149566461
93.41312279989728
93.43452573815497
93.45592377478917
93.47731691316594
93.49870515664757
93.52008850859248
93.54146697235525
93.56284055128661
93.58420924873352
93.60557306803904
93.62693201254248
93.6482860855793
93.66963529048121
93.69097963057607
93.71231910918796
93.73365372963721
93.75498349524032
93.77630840931009
93.79762847515549
93.81894369608173
93.84025407539032
93.86155961637898
93.88286032234171
93.90415619656874
93.9254472423466
93.9467334629581
93.9680148616823
93.98929144179459
94.01056320656663
94.03183015926636
94.05309230315807
94.07434964150232
94.09560217755602
94.11684991457236
94.13809285580092
94.15933100448757
94.1805643638745
94.20179293720031
94.22301672769993
94.2442357386046
94.26544997314198
94.28665943453606
94.30786412600723
94.32906405077229
94.35025921204432
94.37144961303292
94.392635256944
94.41381614697991
94.43499228633938
94.4561636782176
94.47733032580615
94.49849223229305
94.5196494008627
94.54080183469601
94.56194953697029
94.58309251085933
94.60423075953331
94.62536428615894
94.64649309389937
94.6676171859142
94.68873656535952
94.70985123538792
94.73096119914842
94.75206645978662
94.77316702044455
94.79426288426073
94.81535405437026
94.8364405339047
94.85752232599215
94.87859943375722
94.89967186032106
94.92073960880134
94.94180268231231
94.96286108396473
94.98391481686589
95.00496388411973
95.02600828882665
95.04704803408366
95.06808312298435
95.08911355861888
95.110139344074
95.13116048243305
95.15217697677592
95.17318883017919
95.19419604571593
95.21519862645593
95.23619657546551
95.25718989580768
95.27817859054204
95.29916266272478
95.32014211540881
95.34111695164364
95.3620871744754
95.38305278694692
95.40401379209766
95.42497019296373
95.44592199257794
95.46686919396973
95.48781180016528
95.50874981418738
95.52968323905557
95.55061207778603
95.57153633339169
95.59245600888211
95.61337110726365
95.6342816315393
95.65518758470881
95.67608896976866
95.696985789712
95.71787804752883
95.73876574620573
95.75964888872615
95.78052747807024
95.8014015172149
95.82227100913377
95.84313595679733
95.86399636317272
95.88485223122393
95.90570356391169
95.92655036419355
95.94739263502377
95.96823037935351
95.98906360013065
96.00989230029988
96.03071648280273
96.05153615057749
96.07235130655933
96.09316195368018
96.11396809486884
96.1347697330509
96.15556687114884
96.17635951208193
96.19714765876631
96.21793131411495
96.23871048103773
96.2594851624413
96.28025536122924
96.301021080302
96.32178232255684
96.34253909088798
96.3632913881865
96.38403921734029
96.40478258123426
96.42552148275011
96.4462559247665
96.46698591015901
96.48771144180004
96.50843252255903
96.52914915530224
96.54986134289287
96.57056908819114
96.59127239405407
96.61197126333573
96.63266569888707
96.653355703556
96.6740412801874
96.69472243162309
96.71539916070185
96.73607147025945
96.7567393631286
96.77740284213903
96.79806191011735
96.8187165698873
96.83936682426948
96.86001267608157
96.88065412813818
96.90129118325098
96.92192384422862
96.94255211387673
96.96317599499802
96.9837954903922
97.00441060285596
97.02502133518307
97.04562769016431
97.0662296705875
97.08682727923751
97.10742051889625
97.12800939234269
97.14859390235283
97.16917405169976
97.18974984315362
97.2103212794816
97.23088836344802
97.2514510978142
97.27200948533859
97.29256352877675
97.31311323088124
97.33365859440181
97.35419962208526
97.37473631667551
97.39526868091355
97.41579671753753
97.43632042928269
97.4568398188814
97.47735488906315
97.49786564255454
97.51837208207937
97.53887421035846
97.55937203010988
97.5798655440488
97.60035475488755
97.62083966533557
97.64132027809953
97.66179659588322
97.68226862138759
97.70273635731078
97.7231998063481
97.74365897119205
97.76411385453227
97.78456445905562
97.80501078744615
97.82545284238513
97.84589062655094
97.86632414261929
97.88675339326298
97.90717838115212
97.92759910895394
97.94801557933295
97.9684277949509
97.9888357584667
98.00923947253656
98.02963893981389
98.05003416294933
98.07042514459081
98.09081188738344
98.11119439396964
98.13157266698907
98.15194670907864
98.17231652287252
98.19268211100217
98.21304347609629
98.2334006207809
98.25375354767925
98.2741022594119
98.29444675859672
98.31478704784881
98.33512312978063
98.35545500700188
98.37578268211963
98.3961061577382
98.41642543645924
98.43674052088173
98.45705141360192
98.47735811721347
98.49766063430728
98.51795896747161
98.5382531192921
98.55854309235163
98.57882888923052
98.59911051250639
98.61938796475417
98.63966124854626
98.65993036645229
98.6801953210393
98.70045611487176
98.7207127505114
98.74096523051736
98.76121355744618
98.7814577338518
98.80169776228546
98.82193364529587
98.8421653854291
98.86239298522858
98.88261644723521
98.90283577398722
98.92305096802029
98.94326203186752
98.9634689680594
98.98367177912381
99.00387046758608
99.02406503596902
99.04425548679276
99.06444182257493
99.0846240458306
99.10480215907222
99.12497616480975
99.14514606555058
99.1653118637995
99.18547356205883
99.20563116282828
99.22578466860509
99.24593408188387
99.2660794051568
99.28622064091347
99.30635779164095
99.3264908598238
99.3466198479441
99.36674475848132
99.38686559391252
99.40698235671218
99.42709504935233
99.44720367430247
99.4673082340296
99.48740873099827
99.50750516767047
99.52759754650579
99.54768586996124
99.56777014049142
99.58785036054846
99.60792653258197
99.62799865903914
99.64806674236465
99.66813078500076
99.68819078938724
99.70824675796143
99.72829869315821
99.74834659741002
99.76839047314682
99.7884303227962
99.80846614878322
99.8284979535306
99.84852573945857
99.86854950898494
99.88856926452512
99.90858500849208
99.92859674329638
99.94860447134617
99.9686081950472
99.98860791680276
100.00860363901381
100.0285953640789
100.0485830943941
100.06856683235318
100.08854658034751
100.10852234076602
100.1284941159953
100.14846190841955
100.16842572042059
100.18838555437787
100.20834141266849
100.22829329766712
100.24824121174616
100.26818515727558
100.288125136623
100.30806115215373
100.32799320623066
100.3479213012144
100.36784543946321
100.38776562333297
100.40768185517723
100.42759413734726
100.44750247219191
100.4674068620578
100.48730730928914
100.50720381622786
100.52709638521361
100.54698501858364
100.56686971867295
100.58675048781421
100.60662732833781
100.62650024257182
100.64636923284199
100.6662343014718
100.68609545078245
100.70595268309282
100.72580600071953
100.7456554059769
100.76550090117698
100.78534248862954
100.80518017064207
100.82501394951981
100.84484382756574
100.8646698070805
100.8844918903626
100.90431007970814
100.9241243774111
100.94393478576315
100.96374130705368
100.98354394356991
101.00334269759674
101.02313757141691
101.04292856731085
101.0627156875568
101.08249893443075
101.1022783102065
101.12205381715556
101.1418254575473
101.1615932336488
101.18135714772498
101.20111720203849
101.22087339884985
101.24062574041729
101.26037422899691
101.28011886684254
101.2998596562059
101.31959659933644
101.33932969848145
101.35905895588603
101.3787843737931
101.39850595444338
101.41822370007546
101.4379376129257
101.45764769522827
101.47735394921527
101.49705637711654
101.51675498115978
101.53644976357053
101.55614072657222
101.57582787238604
101.59551120323108
101.61519072132428
101.63486642888041
101.65453832811214
101.67420642122994
101.6938707104422
101.71353119795512
101.7331878859728
101.75284077669724
101.77248987232825
101.79213517506355
101.81177668709877
101.83141441062736
101.85104834784069
101.87067850092801
101.89030487207648
101.90992746347113
101.92954627729492
101.94916131572865
101.96877258095105
101.98838007513882
102.00798380046648
102.02758375910646
102.04717995322919
102.06677238500293
102.0863610565939
102.10594597016625
102.12552712788201
102.1451045319012
102.1646781843817
102.18424808747938
102.20381424334803
102.22337665413937
102.24293532200306
102.26249024908672
102.28204143753591
102.30158888949414
102.32113260710285
102.34067259250148
102.36020884782737
102.3797413752159
102.39927017680033
102.41879525471195
102.43831661107997
102.45783424803162
102.47734816769203
102.4968583721844
102.51636486362987
102.53586764414753
102.5553667158545
102.57486208086586
102.5943537412947
102.61384169925209
102.63332595684709
102.65280651618679
102.67228337937621
102.6917565485185
102.71122602571468
102.73069181306384
102.75015391266311
102.7696123266076
102.7890670569904
102.80851810590272
102.82796547543369
102.84740916767052
102.86684918469844
102.8862855286007
102.9057182014586
102.92514720535145
102.9445725423566
102.96399421454946
102.98341222400349
103.00282657279017
103.02223726297902
103.04164429663766
103.0610476758317
103.08044740262487
103.0998434790789
103.11923590725361
103.1386246892069
103.1580098269947
103.17739132267103
103.19676917828798
103.2161433958957
103.23551397754244
103.2548809252745
103.27424424113629
103.29360392717028
103.31295998541704
103.33231241791523
103.3516612267016
103.37100641381099
103.39034798127632
103.40968593112864
103.42902026539707
103.44835098610889
103.46767809528941
103.4870015949621
103.50632148714853
103.52563777386837
103.54495045713942
103.5642595389776
103.58356502139695
103.60286690640962
103.62216519602589
103.6414598922542
103.66075099710108
103.68003851257122
103.6993224406674
103.71860278339061
103.73787954273992
103.75715272071257
103.77642231930396
103.7956883405076
103.81495078631517
103.83420965871652
103.85346495969961
103.87271669125059
103.89196485535378
103.91120945399165
103.93045048914479
103.94968796279204
103.96892187691036
103.98815223347488
104.0073790344589
104.02660228183395
104.04582197756963
104.06503812363387
104.08425072199265
104.1034597746102
104.12266528344891
104.1418672504694
104.16106567763048
104.18026056688909
104.19945192020043
104.21863973951788
104.23782402679305
104.25700478397569
104.27618201301381
104.29535571585363
104.31452589443956
104.33369255071419
104.35285568661841
104.37201530409129
104.39117140507008
104.41032399149032
104.42947306528572
104.44861862838825
104.46776068272808
104.48689923023366
104.50603427283163
104.52516581244687
104.54429385100255
104.56341839042001
104.58253943261889
104.601656979517
104.62077103303051
104.63988159507375
104.65898866755931
104.67809225239807
104.69719235149918
104.71628896677
104.73538210011615
104.75447175344156
104.77355792864842
104.79264062763711
104.81171985230638
104.8307956045532
104.84986788627283
104.8689366993588
104.88800204570292
104.90706392719527
104.92612234572424
104.94517730317648
104.96422880143695
104.98327684238886
105.00232142791374
105.02136255989146
105.0404002402001
105.05943447071607
105.0784652533141
105.09749258986722
105.11651648224675
105.13553693232231
105.15455394196184
105.17356751303163
105.19257764739618
105.21158434691843
105.23058761345956
105.24958744887907
105.26858385503483
105.28757683378299
105.30656638697803
105.3255525164728
105.3445352241184
105.36351451176438
105.38249038125849
105.40146283444692
105.42043187317414
105.439397499283
105.45835971461466
105.47731852100867
105.49627392030285
105.51522591433347
105.53417450493505
105.55311969394056
105.57206148318123
105.59099987448671
105.609934869685
105.62886647060246
105.6477946790638
105.6667194968921
105.68564092590881
105.70455896793378
105.72347362478517
105.74238489827957
105.76129279023189
105.7801973024555
105.79909843676207
105.81799619496168
105.83689057886282
105.85578159027233
105.87466923099544
105.89355350283581
105.91243440759544
105.93131194707475
105.95018612307256
105.96905693738609
105.98792439181094
106.0067884881411
106.02564922816904
106.04450661368554
106.06336064647986
106.08221132833964
106.1010586610509
106.11990264639816
106.13874328616426
106.1575805821305
106.17641453607665
106.19524514978082
106.21407242501958
106.2328963635679
106.25171696719924
106.27053423768544
106.28934817679675
106.30815878630192
106.3269660679681
106.34577002356086
106.36457065484423
106.38336796358068
106.40216195153116
106.42095262045495
106.43973997210992
106.4585240082523
106.47730473063679
106.49608214101654
106.51485624114318
106.53362703276677
106.55239451763583
106.57115869749737
106.5899195740968
106.60867714917806
106.62743142448353
106.64618240175403
106.66493008272892
106.68367446914596
106.70241556274141
106.72115336525002
106.73988787840501
106.75861910393805
106.77734704357935
106.79607169905755
106.81479307209979
106.8335111644317
106.8522259777774
106.87093751385952
106.88964577439911
106.90835076111583
106.92705247572773
106.94575091995142
106.96444609550197
106.98313800409296
107.00182664743652
107.02051202724323
107.03919414522218
107.05787300308101
107.07654860252585
107.09522094526132
107.11389003299054
107.13255586741525
107.15121845023558
107.16987778315024
107.18853386785648
107.20718670605005
107.22583629942518
107.24448264967474
107.26312575849
107.28176562756086
107.30040225857567
107.31903565322142
107.33766581318352
107.35629274014597
107.37491643579136
107.39353690180072
107.4121541398537
107.43076815162844
107.4493789388017
107.4679865030487
107.48659084604328
107.50519196945778
107.52378987496314
107.54238456422881
107.56097603892286
107.57956430071184
107.59814935126091
107.61673119223379
107.63530982529275
107.65388525209862
107.67245747431083
107.69102649358733
107.7095923115847
107.72815492995804
107.74671435036103
107.76527057444599
107.78382360386372
107.80237344026366
107.82092008529384
107.83946354060085
107.85800380782983
107.87654088862458
107.89507478462743
107.91360549747934
107.93213302881982
107.95065738028701
107.96917855351762
107.98769655014698
108.006211371809
108.02472302013618
108.04323149675965
108.06173680330912
108.08023894141292
108.09873791269796
108.1172337187898
108.13572636131259
108.15421584188908
108.17270216214065
108.19118532368726
108.20966532814755
108.22814217713874
108.24661587227662
108.26508641517572
108.2835538074491
108.30201805070845
108.32047914656413
108.3389370966251
108.35739190249896
108.37584356579194
108.39429208810886
108.41273747105326
108.43117971622725
108.4496188252316
108.46805479966572
108.48648764112764
108.50491735121408
108.52334393152033
108.54176738364042
108.56018770916695
108.57860490969121
108.59701898680312
108.61542994209125
108.63383777714286
108.6522424935438
108.67064409287865
108.6890425767306
108.70743794668151
108.72583020431193
108.74421935120104
108.76260538892667
108.78098831906536
108.79936814319232
108.8177448628814
108.83611847970509
108.85448899523465
108.87285641103992
108.89122072868948
108.90958194975055
108.92794007578904
108.94629510836953
108.96464704905532
108.98299589940834
109.00134166098924
109.01968433535738
109.03802392407073
109.05636042868603
109.07469385075869
109.09302419184276
109.11135145349107
109.12967563725508
109.14799674468495
109.16631477732962
109.18462973673662
109.20294162445225
109.2212504420215
109.23955619098805
109.25785887289433
109.2761584892814
109.29445504168912
109.31274853165601
109.33103896071928
109.34932633041493
109.3676106422776
109.38589189784068
109.4041700986363
109.42244524619525
109.44071734204712
109.45898638772017
109.4772523847414
109.49551533463652
109.51377523893001
109.53203209914503
109.55028591680347
109.56853669342604
109.58678443053205
109.60502912963966
109.62327079226571
109.64150941992577
109.65974501413419
109.67797757640402
109.6962071082471
109.71443361117394
109.73265708669389
109.75087753631499
109.769094961544
109.7873093638865
109.80552074484679
109.8237291059279
109.84193444863162
109.86013677445857
109.87833608490803
109.89653238147805
109.91472566566553
109.932915938966
109.9511032028739
109.96928745888226
109.98746870848304
110.00564695316687
110.02382219442318
110.04199443374017
110.06016367260482
110.07832991250284
110.09649315491875
110.11465340133587
110.13281065323622
110.1509649121007
110.1691161794089
110.18726445663923
110.2054097452689
110.22355204677386
110.24169136262887
110.25982769430749
110.27796104328205
110.29609141102367
110.31421879900226
110.33234320868655
110.35046464154402
110.36858309904098
110.38669858264251
110.4048110938125
110.42292063401366
110.44102720470748
110.45913080735423
110.47723144341303
110.49532911434179
110.51342382159716
110.53151556663474
110.5496043509088
110.56769017587249
110.58577304297776
110.60385295367536
110.62192990941487
110.6400039116447
110.65807496181203
110.6761430613629
110.69420821174214
110.71227041439344
110.73032967075929
110.74838598228098
110.76643935039866
110.78448977655131
110.8025372621767
110.82058180871148
110.83862341759108
110.8566620902498
110.87469782812074
110.89273063263587
110.91076050522598
110.92878744732069
110.94681146034846
110.96483254573658
110.98285070491124
111.0008659392974
111.01887825031889
111.0368876393984
111.05489410795745
111.0728976574164
111.09089828919448
111.10889600470978
111.12689080537918
111.14488269261848
111.16287166784231
111.18085773246415
111.19884088789637
111.21682113555012
111.2347984768355
111.2527729131614
111.27074444593563
111.28871307656483
111.3066788064545
111.32464163700902
111.34260156963164
111.36055860572448
111.3785127466885
111.39646399392355
111.41441234882839
111.43235781280057
111.45030038723662
111.46824007353186
111.48617687308048
111.50411078727565
111.52204181750933
111.53996996517238
111.55789523165454
111.57581761834446
111.59373712662966
111.61165375789655
111.62956751353038
111.64747839491537
111.66538640343455
111.68329154046994
111.70119380740235
111.71909320561153
111.73698973647612
111.75488340137369
111.77277420168063
111.7906621387723
111.80854721402294
111.82642942880567
111.84430878449251
111.86218528245443
111.88005892406127
111.89792971068177
111.91579764368358
111.9336627244333
111.95152495429637
111.96938433463721
111.98724086681909
112.00509455220424
112.02294539215377
112.04079338802777
112.05863854118513
112.07648085298378
112.09432032478047
112.11215695793096
112.1299907537899
112.1478217137108
112.16564983904617
112.18347513114742
112.2012975913649
112.21911722104788
112.23693402154454
112.254747994202
112.27255914036631
112.29036746138249
112.30817295859445
112.32597563334502
112.34377548697603
112.36157252082819
112.37936673624118
112.39715813455359
112.41494671710298
112.43273248522583
112.4505154402576
112.46829558353265
112.4860729163843
112.50384744014482
112.52161915614545
112.53938806571632
112.55715417018658
112.57491747088427
112.59267796913643
112.61043566626904
112.628190563607
112.64594266247423
112.66369196419353
112.68143847008675
112.69918218147458
112.7169230996768
112.73466122601208
112.75239656179804
112.77012910835131
112.78785886698745
112.805585839021
112.82331002576547
112.84103142853334
112.85875004863604
112.87646588738397
112.89417894608656
112.91188922605215
112.92959672858807
112.94730145500061
112.96500340659509
112.98270258467575
113.00039899054583
113.01809262550756
113.03578349086214
113.05347158790977
113.07115691794958
113.08883948227974
113.10651928219738
113.12419631899864
113.1418705939786
113.1595421084314
113.17721086365006
113.19487686092674
113.21254010155245
113.2302005868173
113.2478583180103
113.26551329641954
113.28316552333206
113.3008150000339
113.31846172781009
113.3361057079447
113.35374694172077
113.37138543042035
113.38902117532447
113.40665417771322
113.42428443886564
113.44191196005977
113.45953674257271
113.47715878768055
113.49477809665835
113.51239467078024
113.5300085113193
113.54761961954767
113.56522799673651
113.58283364415594
113.60043656307512
113.61803675476229
113.63563422048459
113.65322896150829
113.6708209790986
113.68841027451978
113.70599684903516
113.723580703907
113.74116184039666
113.7587402597645
113.77631596326987
113.79388895217122
113.81145922772596
113.82902679119059
113.8465916438206
113.8641537868705
113.8817132215939
113.89926994924335
113.91682397107051
113.93437528832605
113.95192390225967
113.9694698141201
113.98701302515515
114.00455353661162
114.02209134973539
114.03962646577135
114.05715888596347
114.07468861155472
114.09221564378714
114.10973998390182
114.1272616331389
114.14478059273755
114.16229686393599
114.17981044797152
114.19732134608044
114.21482955949818
114.23233508945911
114.2498379371968
114.26733810394371
114.2848355909315
114.30233039939081
114.31982253055135
114.3373119856419
114.35479876589031
114.37228287252346
114.38976430676732
114.40724306984691
114.42471916298634
114.44219258740873
114.4596633443363
114.47713143499037
114.49459686059126
114.51205962235844
114.52951972151035
114.54697715926459
114.5644319368378
114.58188405544567
114.599333516303
114.61678032062368
114.6342244696206
114.65166596450581
114.66910480649038
114.6865409967845
114.70397453659741
114.72140542713746
114.73883366961205
114.7562592652277
114.77368221518995
114.79110252070353
114.80852018297215
114.82593520319867
114.84334758258503
114.8607573223322
114.87816442364036
114.89556888770865
114.91297071573538
114.93036990891795
114.94776646845284
114.9651603955356
114.98255169136091
114.99994035712254
115.01732639401334
115.03470980322527
115.05209058594941
115.06946874337591
115.08684427669404
115.10421718709215
115.1215874757577
115.1389551438773
115.1563201926366
115.1736826232204
115.19104243681258
115.20839963459615
115.22575421775319
115.24310618746496
115.26045554491176
115.27780229127305
115.29514642772736
115.31248795545237
115.32982687562487
115.34716318942075
115.36449689801502
115.38182800258181
115.39915650429438
115.4164824043251
115.43380570384545
115.45112640402604
115.46844450603659
115.485760011046
115.5030729202222
115.52038323473231
115.53769095574258
115.55499608441832
115.57229862192406
115.58959856942339
115.60689592807906
115.62419069905293
115.64148288350601
115.65877248259845
115.67605949748948
115.69334392933754
115.71062577930014
115.72790504853397
115.74518173819483
115.76245584943767
115.77972738341657
115.79699634128477
115.8142627241946
115.83152653329762
115.84878776974442
115.86604643468485
115.88330252926777
115.90055605464131
115.9178070119527
115.9350554023483
115.9523012269736
115.9695444869733
115.98678518349121
116.00402331767029
116.02125889065265
116.03849190357957
116.05572235759148
116.07295025382794
116.09017559342767
116.10739837752858
116.12461860726769
116.14183628378122
116.15905140820449
116.17626398167205
116.19347400531755
116.21068148027385
116.22788640767291
116.24508878864593
116.2622886243232
116.27948591583421
116.29668066430763
116.31387287087125
116.33106253665207
116.34824966277624
116.36543425036906
116.38261630055506
116.39979581445785
116.41697279320029
116.43414723790436
116.45131914969124
116.4684885296813
116.48565537899402
116.50281969874813
116.51998149006148
116.53714075405114
116.55429749183332
116.57145170452344
116.58860339323607
116.60575255908498
116.62289920318312
116.6400433266426
116.65718493057477
116.6743240160901
116.69146058429826
116.70859463630812
116.72572617322774
116.74285519616436
116.7599817062244
116.77710570451347
116.79422719213638
116.81134617019713
116.82846263979887
116.84557660204402
116.86268805803414
116.87979700886997
116.8969034556515
116.91400739947785
116.9311088414474
116.94820778265768
116.96530422420544
116.98239816718662
116.99948961269635
117.016578561829
117.0336650156781
117.05074897533638
117.0678304418958
117.08490941644753
117.1019859000819
117.11905989388846
117.13613139895601
117.15320041637251
117.17026694722514
117.18733099260031
117.20439255358356
117.22145163125975
117.2385082267129
117.2555623410262
117.27261397528214
117.28966313056233
117.30670980794768
117.32375400851826
117.34079573335339
117.35783498353153
117.37487176013049
117.39190606422716
117.40893789689773
117.42596725921759
117.44299415226138
117.46001857710289
117.47704053481519
117.49406002647056
117.5110770531405
117.52809161589573
117.54510371580619
117.56211335394109
117.57912053136879
117.59612524915693
117.61312750837239
117.6301273100812
117.64712465534878
117.66411954523956
117.68111198081739
117.69810196314526
117.71508949328542
117.73207457229934
117.74905720124771
117.76603738119051
117.78301511318693
117.79999039829534
117.81696323757343
117.8339336320781
117.85090158286548
117.86786709099091
117.88483015750906
117.90179078347374
117.91874896993806
117.93570471795437
117.95265802857425
117.9696089028485
117.98655734182726
118.00350334655978
118.02044691809468
118.03738805747975
118.05432676576203
118.07126304398786
118.08819689320279
118.10512831445163
118.12205730877845
118.13898387722656
118.15590802083852
118.17282974065617
118.18974903772055
118.20666591307202
118.22358036775015
118.24049240279378
118.25740201924101
118.27430921812922
118.29121400049499
118.30811636737421
118.32501631980202
118.3419138588128
118.35880898544023
118.3757017007172
118.39259200567592
118.40947990134782
118.42636538876361
118.44324846895329
118.46012914294607
118.47700741177049
118.4938832764543
118.51075673802454
118.52762779750755
118.54449645592891
118.56136271431346
118.57822657368533
118.59508803506792
118.61194709948388
118.6288037679552
118.64565804150305
118.66250992114794
118.67935940790964
118.69620650280719
118.71305120685889
118.72989352108237
118.74673344649449
118.76357098411141
118.78040613494855
118.79723890002066
118.81406928034171
118.83089727692497
118.84772289078303
118.8645461229277
118.88136697437014
118.89818544612075
118.91500153918922
118.93181525458455
118.94862659331501
118.96543555638814
118.98224214481084
118.99904635958917
119.01584820172863
119.03264767223388
119.04944477210896
119.06623950235718
119.08303186398109
119.09982185798262
119.1166094853629
119.13339474712245
119.15017764426103
119.16695817777769
119.18373634867079
119.20051215793801
119.21728560657628
119.2340566955819
119.25082542595038
119.2675917986766
119.28435581475472
119.30111747517819
119.31787678093976
119.33463373303148
119.35138833244477
119.36814058017025
119.38489047719793
119.40163802451707
119.41838322311627
119.43512607398341
119.45186657810571
119.46860473646967
119.48534055006112
119.50207401986518
119.51880514686628
119.5355339320482
119.55226037639399
119.56898448088602
119.58570624650598
119.60242567423485
119.61914276505298
119.63585751994
119.65256993987484
119.66928002583577
119.68598777880038
119.70269319974555
119.7193962896475
119.73609704948178
119.75279548022324
119.76949158284606
119.78618535832372
119.80287680762906
119.8195659317342
119.83625273161063
119.85293720822912
119.86961936255979
119.88629919557208
119.90297670823473
119.91965190151586
119.93632477638288
119.95299533380253
119.96966357474086
119.98632950016332
120.0029931110346
120.01965440831877
120.03631339297925
120.05297006597873
120.06962442827928
120.0862764808423
120.10292622462849
120.11957366059792
120.13621878970999
120.1528616129234
120.16950213119624
120.18614034548591
120.20277625674912
120.21940986594197
120.23604117401987
120.25267018193757
120.26929689064917
120.2859213011081
120.30254341426712
120.31916323107838
120.3357807524933
120.35239597946271
120.36900891293678
120.38561955386493
120.40222790319605
120.41883396187832
120.43543773085925
120.45203921108572
120.46863840350395
120.48523530905953
120.50182992869735
120.51842226336169
120.53501231399618
120.55160008154378
120.56818556694682
120.58476877114695
120.60134969508523
120.61792833970202
120.63450470593705
120.6510787947294
120.66765060701753
120.68422014373924
120.70078740583166
120.71735239423133
120.73391510987409
120.7504755536952
120.76703372662921
120.78358962961008
120.80014326357112
120.816694629445
120.83324372816374
120.84979056065872
120.8663351278607
120.88287743069978
120.89941747010548
120.9159552470066
120.93249076233134
120.94902401700732
120.96555501196144
120.98208374812002
120.99861022640872
121.01513444775259
121.03165641307604
121.04817612330287
121.06469357935617
121.08120878215851
121.09772173263177
121.11423243169719
121.13074088027543
121.14724707928647
121.1637510296497
121.18025273228388
121.19675218810714
121.21324939803696
121.22974436299023
121.24623708388323
121.26272756163156
121.27921579715023
121.29570179135362
121.31218554515554
121.3286670594691
121.34514633520682
121.36162337328062
121.37809817460179
121.394570740081
121.41104107062826
121.42750916715306
121.44397503056416
121.46043866176981
121.4769000616776
121.49335923119445
121.50981617122676
121.52627088268024
121.54272336646002
121.55917362347066
121.57562165461603
121.59206746079943
121.60851104292352
121.62495240189043
121.64139153860155
121.65782845395779
121.67426314885937
121.69069562420594
121.70712588089651
121.72355391982953
121.73997974190279
121.75640334801352
121.77282473905832
121.7892439159332
121.80566087953355
121.82207563075414
121.83848817048921
121.85489849963231
121.87130661907646
121.88771252971404
121.9041162324368
121.92051772813598
121.93691701770213
121.95331410202526
121.96970898199474
121.98610165849936
122.00249213242735
122.01888040466629
122.03526647610317
122.05165034762442
122.06803202011582
122.08441149446263
122.10078877154945
122.11716385226032
122.13353673747865
122.14990742808733
122.16627592496859
122.1826422290041
122.19900634107493
122.21536826206157
122.23172799284393
122.24808553430127
122.26444088731235
122.28079405275528
122.29714503150763
122.31349382444631
122.32984043244771
122.34618485638764
122.36252709714128
122.37886715558324
122.39520503258755
122.41154072902768
122.42787424577647
122.44420558370621
122.46053474368863
122.47686172659482
122.49318653329532
122.5095091646601
122.52582962155854
122.54214790485945
122.55846401543104
122.57477795414097
122.59108972185628
122.60739931944349
122.62370674776851
122.64001200769668
122.65631510009274
122.67261602582093
122.68891478574481
122.70521138072746
122.72150581163135
122.73779807931834
122.75408818464979
122.77037612848645
122.78666191168848
122.8029455351155
122.81922699962658
122.83550630608016
122.85178345533414
122.86805844824589
122.88433128567215
122.90060196846915
122.91687049749248
122.93313687359725
122.94940109763793
122.96566317046847
122.98192309294225
122.99818086591208
123.01443649023018
123.03068996674826
123.04694129631743
123.06319047978823
123.07943751801069
123.09568241183423
123.11192516210771
123.12816576967946
123.14440423539725
123.16064056010823
123.17687474465909
123.19310678989588
123.20933669666412
123.2255644658088
123.24179009817432
123.25801359460453
123.27423495594272
123.29045418303164
123.3066712767135
123.32288623782992
123.33909906722197
123.3553097657302
123.37151833419456
123.38772477345452
123.40392908434892
123.4201312677161
123.43633132439383
123.45252925521935
123.46872506102929
123.48491874265981
123.50111030094651
123.51729973672437
123.53348705082792
123.54967224409106
123.56585531734719
123.58203627142916
123.5982151071693
123.61439182539931
123.63056642695044
123.64673891265333
123.66290928333814
123.67907753983441
123.69524368297121
123.71140771357702
123.7275696324798
123.74372944050698
123.75988713848542
123.77604272724147
123.79219620760092
123.80834758038903
123.8244968464305
123.84064400654954
123.85678906156977
123.87293201231432
123.88907285960575
123.9052116042661
123.92134824711687
123.93748278897901
123.95361523067298
123.96974557301866
123.98587381683542
124.0019999629421
124.01812401215697
124.03424596529784
124.05036582318192
124.0664835866259
124.082599256446
124.09871283345781
124.1148243184765
124.1309337123166
124.14704101579223
124.16314622971687
124.17924935490353
124.1953503921647
124.21144934231232
124.22754620615783
124.24364098451208
124.2597336781855
124.27582428798792
124.29191281472863
124.30799925921646
124.32408362225966
124.34016590466602
124.35624610724275
124.37232423079655
124.38840027613362
124.40447424405961
124.42054613537971
124.43661595089849
124.45268369142009
124.4687493577481
124.48481295068557
124.50087447103506
124.51693391959861
124.53299129717772
124.5490466045734
124.56509984258614
124.58115101201591
124.59720011366214
124.61324714832377
124.62929211679925
124.64533501988646
124.66137585838283
124.6774146330852
124.69345134478996
124.70948599429299
124.72551858238961
124.74154910987465
124.75757757754246
124.77360398618684
124.78962833660111
124.80565062957804
124.82167086590994
124.83768904638858
124.85370517180522
124.86971924295065
124.88573126061509
124.90174122558834
124.91774913865959
124.93375500061761
124.94975881225061
124.96576057434635
124.98176028769203
124.99775795307437
125.01375357127961
125.02974714309343
125.04573866930107
125.06172815068722
125.0777155880361
125.09370098213141
125.10968433375636
125.12566564369364
125.14164491272548
125.15762214163358
125.17359733119915
125.18957048220287
125.20554159542499
125.22151067164519
125.23747771164273
125.25344271619628
125.2694056860841
125.2853666220839
125.30132552497292
125.3172823955279
125.33323723452509
125.3491900427402
125.36514082094854
125.38108956992482
125.39703629044335
125.4129809832779
125.42892364920174
125.44486428898769
125.46080290340802
125.47673949323455
125.49267405923864
125.50860660219108
125.52453712286223
125.54046562202194
125.5563921004396
125.57231655888405
125.58823899812371
125.60415941892647
125.62007782205977
125.63599420829053
125.65190857838518
125.6678209331097
125.68373127322954
125.69963959950972
125.71554591271475
125.73145021360864
125.74735250295491
125.76325278151666
125.77915105005643
125.79504730933635
125.810941560118
125.82683380316251
125.84272403923057
125.8586122690823
125.87449849347742
125.89038271317514
125.90626492893418
125.92214514151281
125.9380233516688
125.95389956015943
125.96977376774154
125.98564597517148
126.00151618320511
126.01738439259782
126.03325060410451
126.04911481847965
126.06497703647719
126.08083725885064
126.09669548635298
126.11255171973681
126.12840595975415
126.14425820715662
126.16010846269538
126.17595672712102
126.19180300118376
126.20764728563331
126.22348958121891
126.23932988868935
126.25516820879292
126.27100454227745
126.28683888989029
126.30267125237836
126.31850163048807
126.3343300249654
126.35015643655584
126.36598086600439
126.38180331405563
126.39762378145366
126.41344226894209
126.4292587772641
126.44507330716237
126.46088585937916
126.4766964346562
126.49250503373484
126.5083116573559
126.52411630625977
126.53991898118635
126.55571968287511
126.57151841206502
126.58731516949464
126.60310995590206
126.61890277202485
126.6346936186002
126.65048249636476
126.6662694060548
126.68205434840606
126.6978373241539
126.71361833403314
126.7293973787782
126.74517445912304
126.76094957580109
126.77672272954544
126.79249392108864
126.80826315116282
126.82403042049961
126.83979572983026
126.85555907988551
126.87132047139566
126.88707990509056
126.9028373816996
126.91859290195171
126.9343464665754
126.9500980762987
126.96584773184921
126.98159543395403
126.99734118333986
127.01308498073293
127.02882682685903
127.04456672244349
127.0603046682112
127.07604066488658
127.09177471319363
127.10750681385589
127.12323696759643
127.13896517513793
127.15469143720254
127.17041575451205
127.18613812778773
127.20185855775048
127.21757704512068
127.23329359061829
127.24900819496287
127.26472085887346
127.28043158306873
127.29614036826683
127.31184721518555
127.32755212454218
127.34325509705359
127.35895613343618
127.37465523440594
127.39035240067841
127.40604763296868
127.42174093199144
127.43743229846086
127.45312173309077
127.46880923659447
127.48449480968486
127.50017845307443
127.51586016747515
127.53153995359868
127.5472178121561
127.56289374385815
127.57856774941511
127.59423982953682
127.60990998493264
127.62557821631161
127.6412445243822
127.65690890985252
127.67257137343024
127.6882319158226
127.70389053773636
127.71954723987791
127.73520202295317
127.75085488766766
127.7665058347264
127.78215486483404
127.79780197869479
127.8134471770124
127.82909046049025
127.8447318298312
127.86037128573776
127.87600882891195
127.89164446005542
127.90727817986934
127.92290998905449
127.93853988831118
127.95416787833935
127.96979395983844
127.98541813350754
128.00104040004524
128.0166607601498
128.0322792145189
128.04789576384997
128.06351040883987
128.07912315018515
128.09473398858188
128.11034292472564
128.12594995931178
128.14155509303498
128.1571583265897
128.17275966066984
128.18835909596896
128.20395663318018
128.21955227299617
128.23514601610924
128.2507378632112
128.26632781499347
128.2819158721471
128.29750203536264
128.31308630533027
128.32866868273976
128.3442491682804
128.35982776264117
128.3754044665105
128.39097928057646
128.40655220552676
128.42212324204863
128.4376923908289
128.45325965255392
128.4688250279098
128.48438851758198
128.4999501222557
128.51550984261576
128.5310676793464
128.54662363313156
128.56217770465477
128.57772989459914
128.59328020364728
128.60882863248153
128.6243751817837
128.63991985223527
128.65546264451723
128.67100355931024
128.68654259729445
128.70207975914974
128.71761504555542
128.7331484571905
128.74867999473358
128.76420965886274
128.7797374502558
128.7952633695901
128.8107874175425
128.82630959478962
128.84182990200753
128.85734833987195
128.87286490905817
128.8883796102411
128.90389244409522
128.91940341129464
128.934912512513
128.9504197484236
128.9659251196993
128.9814286270126
128.99693027103552
129.01243005243975
129.02792797189653
129.04342403007666
129.05891822765068
129.0744105652886
129.08990104366003
129.10538966343424
129.12087642528007
129.136361329866
129.15184437786
129.16732556992972
129.18280490674243
129.19828238896494
129.21375801726373
129.2292317923048
129.24470371475383
129.260173785276
129.27564200453622
129.2911083731989
129.30657289192814
129.3220355613875
129.33749638224035
129.35295535514945
129.36841248077732
129.38386775978606
129.39932119283725
129.41477278059224
129.43022252371188
129.44567042285667
129.4611164786867
129.4765606918617
129.49200306304093
129.5074435928833
129.5228822820474
129.5383191311913
129.55375414097279
129.56918731204914
129.58461864507737
129.600048140714
129.61547579961524
129.63090162243685
129.6463256098342
129.66174776246234
129.6771680809759
129.692586566029
129.70800321827556
129.723418038369
129.73883102696234
129.75424218470835
129.76965151225923
129.7850590102669
129.80046467938286
129.81586852025822
129.83127053354374
129.84667071988977
129.86206907994628
129.87746561436282
129.8928603237886
129.9082532088724
129.92364427026268
129.9390335086075
129.95442092455446
129.96980651875086
129.9851902918436
130.00057224447914
130.01595237730368
130.03133069096293
130.04670718610222
130.0620818633666
130.07745472340056
130.09282576684842
130.10819499435397
130.1235624065607
130.13892800411162
130.1542917876495
130.16965375781663
130.18501391525493
130.20037226060597
130.21572879451097
130.23108351761067
130.24643643054554
130.2617875339556
130.2771368284806
130.29248431475975
130.30782999343197
130.32317386513583
130.33851593050952
130.35385619019075
130.36919464481701
130.38453129502537
130.39986614145238
130.41519918473443
130.4305304255074
130.44585986440686
130.46118750206793
130.47651333912546
130.49183737621385
130.50715961396713
130.52248005301905
130.53779869400284
130.55311553755146
130.56843058429752
130.5837438348732
130.59905528991024
130.6143649500402
130.62967281589408
130.6449788881027
130.6602831672963
130.67558565410494
130.69088634915812
130.70618525308518
130.72148236651495
130.73677769007594
130.75207122439625
130.7673629701037
130.78265292782564
130.79794109818917
130.81322748182086
130.8285120793471
130.8437948913938
130.85907591858648
130.87435516155043
130.88963262091042
130.90490829729094
130.92018219131612
130.9354543036097
130.95072463479505
130.96599318549522
130.98125995633282
130.99652494793017
131.01178816090916
131.02704959589147
131.0423092534982
131.05756713435022
131.07282323906804
131.0880775682717
131.1033301225811
131.11858090261555
131.13382990899407
131.14907714233541
131.1643226032579
131.17956629237938
131.1948082103176
131.21004835768971
131.22528673511263
131.2405233432029
131.25575818257664
131.27099125384976
131.28622255763761
131.30145209455534
131.31667986521768
131.331905870239
131.3471301102334
131.36235258581445
131.37757329759555
131.39279224618963
131.40800943220927
131.42322485626678
131.438438518974
131.45365042094255
131.46886056278356
131.48406894510788
131.499275568526
131.51448043364806
131.5296835410838
131.54488489144268
131.56008448533376
131.5752823233658
131.59047840614716
131.60567273428578
131.6208653083894
131.63605612906534
131.65124519692057
131.66643251256167
131.68161807659493
131.69680188962627
131.71198395226125
131.72716426510507
131.74234282876267
131.75751964383852
131.77269471093678
131.78786803066131
131.8030396036156
131.81820943040273
131.8333775116255
131.84854384788642
131.86370843978747
131.8788712879305
131.89403239291684
131.90919175534756
131.92434937582337
131.93950525494463
131.9546593933114
131.96981179152326
131.98496245017964
132.00011136987948
132.01525855122145
132.03040399480378
132.0455477012245
132.06068967108118
132.07582990497113
132.09096840349125
132.10610516723813
132.121240196808
132.1363734927968
132.15150505580007
132.166634886413
132.1817629852305
132.19688935284717
132.2120139898571
132.22713689685423
132.24225807443204
132.2573775231837
132.2724952437021
132.28761123657972
132.30272550240872
132.31783804178093
132.3329488552878
132.34805794352056
132.36316530706998
132.37827094652653
132.39337486248036
132.40847705552127
132.42357752623872
132.43867627522187
132.45377330305945
132.46886861034002
132.4839621976516
132.49905406558204
132.5141442147188
132.529232645649
132.54431935895937
132.55940435523638
132.57448763506616
132.58956919903457
132.60464904772695
132.61972718172848
132.6348036016239
132.6498783079977
132.664951301434
132.68002258251659
132.6950921518289
132.71016000995408
132.72522615747496
132.74029059497397
132.75535332303323
132.77041434223455
132.78547365315944
132.800531256389
132.8155871525041
132.8306413420852
132.84569382571243
132.86074460396563
132.87579367742433
132.89084104666767
132.90588671227454
132.92093067482338
132.93597293489245
132.9510134930596
132.96605234990236
132.98108950599791
132.99612496192316
133.0111587182547
133.02619077556872
133.0412211344411
133.05624979544746
133.07127675916303
133.0863020261628
133.10132559702132
133.11634747231287
133.13136765261143
133.14638613849064
133.16140293052376
133.17641802928384
133.19143143534353
133.20644314927515
133.22145317165072
133.23646150304197
133.25146814402024
133.2664730951566
133.28147635702177
133.29647793018617
133.3114778152199
133.3264760126927
133.34147252317402
133.35646734723304
133.37146048543852
133.38645193835896
133.40144170656254
133.4164297906171
133.43141619109014
133.44640090854892
133.46138394356035
133.47636529669091
133.49134496850698
133.50632295957442
133.52129927045888
133.53627390172568
133.55124685393977
133.56621812766588
133.58118772346828
133.59615564191105
133.61112188355798
133.6260864489724
133.64104933871738
133.6560105533558
133.67097009345002
133.68592795956224
133.7008841522543
133.71583867208767
133.7307915196236
133.745742695423
133.76069220004638
133.77564003405405
133.79058619800594
133.8055306924617
133.82047351798067
133.83541467512185
133.85035416444396
133.86529198650535
133.88022814186414
133.89516263107808
133.91009545470462
133.92502661330093
133.9399561074238
133.9548839376298
133.96981010447513
133.9847346085157
133.9996574503071
134.0145786304046
134.0294981493632
134.04441600773757
134.05933220608205
134.0742467449507
134.08915962489726
134.10407084647517
134.11898041023758
134.13388831673728
134.14879456652676
134.16369916015827
134.17860209818372
134.19350338115467
134.2084030096224
134.22330098413795
134.2381973052519
134.2530919735147
134.26798498947636
134.28287635368667
134.29776606669512
134.31265412905077
134.3275405413025
134.34242530399894
134.3573084176882
134.37218988291826
134.38706970023676
134.40194787019107
134.4168243933281
134.4316992701947
134.4465725013372
134.46144408730177
134.4763140286342
134.49118232587998
134.50604897958436
134.52091399029226
134.53577735854824
134.55063908489666
134.56549916988146
134.58035761404645
134.59521441793495
134.61006958209012
134.62492310705474
134.6397749933713
134.65462524158204
134.6694738522289
134.68432082585343
134.699166162997
134.7140098642006
134.72885193000494
134.7436923609504
134.75853115757718
134.77336832042508
134.7882038500336
134.803037746942
134.8178700116892
134.83270064481383
134.84752964685427
134.8623570183485
134.87718275983434
134.8920068718492
134.9068293549302
134.92165020961428
134.93646943643802
134.95128703593764
134.96610300864913
134.98091735510818
134.99573007585016
135.0105411714102
135.02535064232313
135.0401584891234
135.05496471234525
135.06976931252262
135.08457229018913
135.0993736458781
135.11417338012265
135.12897149345545
135.14376798640905
135.15856285951554
135.17335611330685
135.18814774831455
135.20293776506995
135.21772616410408
135.23251294594763
135.24729811113104
135.26208166018444
135.2768635936377
135.29164391202036
135.30642261586172
135.3211997056907
135.3359751820361
135.3507490454262
135.3655212963892
135.38029193545287
135.39506096314486
135.4098283799923
135.4245941865222
135.43935838326126
135.45412097073583
135.46888194947203
135.48364131999568
135.49839908283232
135.5131552385072
135.5279097875453
135.54266273047122
135.5574140678094
135.57216380008393
135.5869119278186
135.60165845153702
135.61640337176235
135.63114668901758
135.64588840382544
135.66062851670827
135.6753670281882
135.69010393878702
135.70483924902635
135.7195729594274
135.7343050705112
135.74903558279834
135.76376449680936
135.7784918130643
135.79321753208305
135.80794165438516
135.8226641804899
135.8373851109163
135.85210444618312
135.86682218680875
135.88153833331134
135.8962528862088
135.91096584601874
135.92567721325847
135.940386988445
135.95509517209513
135.9698017647253
135.98450676685175
135.9992101789904
136.0139120016569
136.02861223536658
136.04331088063455
136.05800793797562
136.07270340790427
136.08739729093486
136.10208958758128
136.11678029835724
136.1314694237762
136.14615696435123
136.1608429205953
136.1755272930209
136.1902100821404
136.2048912884658
136.21957091250894
136.2342489547812
136.24892541579385
136.26360029605783
136.2782735960838
136.29294531638212
136.30761545746293
136.32228401983602
136.33695100401098
136.35161641049714
136.36628023980344
136.38094249243866
136.3956031689113
136.41026226972946
136.42491979540114
136.43957574643395
136.4542301233353
136.46888292661225
136.48353415677167
136.49818381432007
136.5128318997638
136.52747841360883
136.54212335636092
136.55676672852553
136.57140853060787
136.58604876311287
136.6006874265452
136.61532452140924
136.6299600482091
136.64459400744863
136.65922639963148
136.67385722526083
136.6884864848398
136.7031141788712
136.71774030785747
136.73236487230085
136.7469878727033
136.76160930956655
136.77622918339202
136.79084749468083
136.80546424393395
136.82007943165195
136.8346930583352
136.84930512448378
136.86391563059752
136.87852457717597
136.89313196471846
136.90773779372398
136.92234206469132
136.9369447781189
136.95154593450505
136.96614553434767
136.98074357814446
136.99534006639286
137.00993499959
137.02452837823282
137.03912020281797
137.05371047384176
137.06829919180038
137.08288635718958
137.09747197050504
137.112056032242
137.12663854289553
137.14121950296047
137.15579891293126
137.17037677330222
137.18495308456735
137.1995278472204
137.2141010617548
137.2286727286638
137.24324284844033
137.25781142157712
137.27237844856657
137.28694392990084
137.30150786607186
137.31607025757128
137.33063110489047
137.34519040852055
137.3597481689524
137.3743043866766
137.3888590621835
137.40341219596326
137.41796378850563
137.43251384030017
137.44706235183622
137.46160932360283
137.47615475608876
137.49069864978256
137.5052410051725
137.51978182274664
137.53432110299266
137.5488588463981
137.5633950534502
137.57792972463594
137.59246286044203
137.60699446135493
137.62152452786094
137.63605306044593
137.6505800595956
137.66510552579544
137.67962945953064
137.69415186128606
137.70867273154647
137.7231920707962
137.73770987951946
137.75222615820022
137.766740907322
137.7812541273683
137.79576581882225
137.8102759821667
137.82478461788438
137.83929172645753
137.85379730836843
137.86830136409884
137.88280389413046
137.8973048989446
137.9118043790224
137.92630233484476
137.94079876689224
137.9552936756452
137.9697870615838
137.98427892518782
137.99876926693688
138.01325808731036
138.02774538678733
138.0422311658467
138.05671542496694
138.0711981646265
138.08567938530345
138.10015908747565
138.1146372716206
138.12911393821574
138.14358908773815
138.15806272066465
138.1725348374718
138.187005438636
138.2014745246333
138.2159420959396
138.23040815303042
138.24487269638118
138.25933572646693
138.27379724376254
138.28825724874258
138.30271574188146
138.31717272365321
138.33162819453176
138.34608215499068
138.36053460550335
138.37498554654283
138.38943497858207
138.40388290209364
138.41832931754996
138.43277422542312
138.44721762618497
138.4616595203072
138.4760999082612
138.49053879051806
138.50497616754873
138.5194120398239
138.53384640781385
138.54827927198886
138.56271063281878
138.57714049077333
138.5915688463219
138.60599569993371
138.6204210520777
138.63484490322247
138.6492672538366
138.66368810438823
138.67810745534538
138.6925253071757
138.70694166034673
138.72135651532565
138.73576987257954
138.75018173257504
138.76459209577874
138.77900096265685
138.79340833367544
138.80781420930026
138.8222185899969
138.83662147623062
138.85102286846643
138.86542276716926
138.8798211728036
138.89421808583378
138.90861350672398
138.92300743593796
138.93739987393937
138.9517908211916
138.96618027815776
138.98056824530076
138.9949547230832
139.00933971196758
139.02372321241603
139.0381052248905
139.05248574985265
139.066864787764
139.08124233908572
139.0956184042788
139.109992983804
139.12436607812185
139.13873768769255
139.15310781297617
139.16747645443252
139.18184361252108
139.19620928770127
139.21057348043212
139.22493619117247
139.23929742038098
139.2536571685159
139.26801543603548
139.28237222339757
139.29672753105984
139.31108135947974
139.32543370911446
139.33978458042088
139.3541339738558
139.36848188987568
139.3828283289368
139.39717329149514
139.41151677800644
139.42585878892635
139.4401993247101
139.45453838581284
139.46887597268935
139.48321208579426
139.49754672558194
139.51187989250656
139.526211587022
139.54054180958192
139.55487056063984
139.5691978406489
139.58352365006212
139.59784798933222
139.61217085891172
139.62649225925293
139.64081219080785
139.65513065402837
139.669447649366
139.6837631772721
139.69807723819787
139.71238983259414
139.7267009609116
139.74101062360066
139.7553188211115
139.76962555389414
139.7839308223983
139.7982346270735
139.812536968369
139.82683784673387
139.8411372626169
139.85543521646673
139.86973170873162
139.88402673985988
139.89832031029923
139.91261242049748
139.92690307090197
139.94119226196
139.9554799941185
139.96976626782427
139.98405108352387
139.99833444166356
140.01261634268937
140.02689678704726
140.0411757751828
140.05545330754137
140.06972938456818
140.0840040067081
140.09827717440592
140.1125488881061
140.12681914825293
140.14108795529037
140.15535530966233
140.1696212118123
140.18388566218374
140.1981486612197
140.21241020936313
140.2266703070567
140.24092895474286
140.25518615286384
140.26944190186165
140.2836962021781
140.29794905425473
140.31220045853286
140.32645041545362
140.3406989254579
140.35494598898637
140.36919160647943
140.38343577837733
140.39767850512004
140.41191978714735
140.4261596248988
140.4403980188137
140.45463496933118
140.4688704768901
140.48310454192912
140.49733716488666
140.51156834620093
140.52579808630995
140.54002638565146
140.55425324466302
140.56847866378195
140.58270264344534
140.59692518409008
140.6111462861529
140.62536595007012
140.63958417627802
140.65380096521264
140.6680163173097
140.6822302330048
140.69644271273322
140.71065375693016
140.72486336603043
140.73907154046879
140.75327828067967
140.7674835870973
140.7816874601557
140.7958899002887
140.81009090792986
140.82429048351256
140.83848862746996
140.85268534023496
140.86688062224027
140.8810744739184
140.89526689570167
140.90945788802205
140.92364745131144
140.93783558600146
140.95202229252345
140.96620757130867
140.9803914227881
140.99457384739245
141.00875484555226
141.02293441769785
141.03711256425936
141.05128928566666
141.06546458234942
141.0796384547371
141.09381090325894
141.10798192834397
141.122151530421
141.1363197099186
141.1504864672652
141.16465180288893
141.17881571721776
141.19297821067937
141.20713928370137
141.221298936711
141.23545717013542
141.2496139844014
141.2637693799357
141.27792335716475
141.2920759165148
141.30622705841182
141.32037678328163
141.3345250915499
141.34867198364194
141.36281745998295
141.37696152099787
141.39110416711145
141.4052453987483
141.4193852163326
141.4335236202886
141.44766061104013
141.46179618901087
141.4759303546243
141.4900631083037
141.50419445047208
141.51832438155233
141.53245290196708
141.5465800121387
141.56070571248944
141.5748300034413
141.588952885416
141.6030743588352
141.6171944241202
141.6313130816922
141.64543033197216
141.65954617538077
141.67366061233855
141.68777364326587
141.7018852685828
141.71599548870924
141.7301043040649
141.7442117150692
141.75831772214153
141.77242232570086
141.78652552616603
141.80062732395578
141.81472771948847
141.82882671318234
141.84292430545545
141.85702049672557
141.87111528741033
141.88520867792715
141.89930066869317
141.91339126012542
141.92748045264065
141.94156824665546
141.9556546425862
141.96973964084907
141.98382324185994
141.9979054460346
142.01198625378856
142.0260656655372
142.04014368169564
142.0542203026788
142.0682955289014
142.08236936077788
142.09644179872262